111001000100000110000110
111001000110000100000100100000
111001000110000100000100100001
111001000110000100000100100100
111001000110000100000100100101
111001000110000100000100101100
111001000110000100000100110000
111001000110000100000100110001
111001000110000100000100110101
111001000110000100000100111000
111001000110000100000100111001
111001000110000100000100111010
111001000110000100000100111100
111001000110000100000100111110
111001000110000100010100100000
111001000110000100010100100001
111001000110000100010100100010
111001000110000100010100100100
111001000110000100010100100101
111001000110000100010100100110
111001000110000100010100101000
111001000110000100010100101001
111001000110000100010100101100
111001000110000100010100101101
111001000110000100010100101110
111001000110000100010100110000
111001000110000100010100110001
111001000110000100010100110010
111001000110000100010100110011
111001000110000100010100110110
111001000110000100010100110111
111001000110000100010100111000
111001000110000100010100111001
111001000110000100010100111011
111001000110000100010100111110
111001000110000100010100111111
111001000110000100010110111100
111001000110000100100100001000
111001000110000100100100001100
111001000110000100100100010001
111001000110000100100100010101
111001000110000100100100011000
111001000110000100100100011001
111001000110000100100100011010
111001000110000100100100011100
111001000110000100100100011101
111001000110000100100100101010
111001000110000100100100101011
111001000110000100100100101110
111001000110000100100100101111
111001000110000100100100111010
111001000110000100100100111011
111001000110000100100100111110
111001000110000100100100111111
111001000110000100100110101000
111001000110000100100110101100
111001000110000100101100
111001000110000100110100000000
111001000110000100110100000001
111001000110000100110100000010
111001000110000100110100000101
111001000110000100110100000110
111001000110000100110100001000
111001000110000100110100001001
111001000110000100110100001100
111001000110000100110100001101
111001000110000100110100001110
111001000110000100110100010010
111001000110000100110100010011
111001000110000100110100010110
111001000110000100110100010111
111001000110000100110100011010
111001000110000100110100011011
111001000110000100110100011110
111001000110000100110100011111
111001000110000100110110010100
111001000110000100110110010111
111001000110000100110110011000
111001000110000100111110100000
111001000110000100111110100001
111001000110000100111110100100
111001000110000100111110100101
111001000110000100111110110010
111001000110000100111110110011
111001000110000100111110110110
111001000110000100111110110111
111001000110000110110100011010
111001000110000110110100011011
111001000110010100000100
111001000110010100000110100001
111001000110010100000110100101
111001000110010100000110100111
111001000110010100000110101000
111001000110010100000110101001
111001000110010100000110101010
111001000110010100000110101011
111001000110010100000110101100
111001000110010100000110101101
111001000110010100000110101110
111001000110010100000110110011
111001000110010100100110000001
111001000110010100100110000011
111001000110010100100110000101
111001000110010100100110000111
111001000110010100100110001000
111001000110010100100110001001
111001000110010100100110001010
111001000110010100100110001011
111001000110010100100110001100
111001000110010100100110001101
111001000110010100100110001110
111001000110010110000100100001
111001000110010110000100101001
111001000110010110000100101011
111001000110010110000100101100
111001000110010110000100101110
111001000110010110000100110001
111001000110010110000100110010
111001000110010110000100110011
111001000110010110000100110101
111001000110010110000100110110
111001000110010110000100110111
111001000110010110000100111000
111001000110010110000100111001
111001000110010110000100111010
111001000110010110000100111011
111001000110010110000100111100
111001000110010110000100111101
111001000110010110000100111110
111001000110010110000100111111
111001000110010110000110101001
111001000110010110000110110000
111001000110010110000110110001
111001000110010110000110110010
111001000110010110000110110100
111001000110010110000110110110
111001000110010110000110111000
111001000110010110000110111001
111001000110010110000110111100
111001000110010110000110111110
111001000110010110100100000001
111001000110010110100100001000
111001000110010110100100001001
111001000110010110100100001010
111001000110010110100100001011
111001000110010110100100001100
111001000110010110100100010001
111001000110010110100100010011
111001000110010110100100010101
111001000110010110100100010111
111001000110010110100100011001
111001000110010110100100011010
111001000110010110100100011011
111001000110010110100100011100
111001000110010110100100011101
111001000110010110100100011110
111001000110010110100100011111
111001000110010110100100101010
111001000110010110100100101011
111001000110010110100100101110
111001000110010110100100101111
111001000110010110101100
111001000110010110101110100000
111001000110010110101110100001
111001000110010110101110100010
111001000110010110101110100011
111001000110010110101110100100
111001000110010110101110100101
111001000110010110101110100110
111001000110010110101110100111
111001000110100100000110
111001000110100100001110000000
111001000110100100001110000001
111001000110100100001110000100
111001000110100100001110000101
111001000110100100001110000110
111001000110100100001110001000
111001000110100100001110001001
111001000110100100001110001010
111001000110100100001110001011
111001000110100100001110001100
111001000110100100001110001101
111001000110100100001110001110
111001000110100100001110001111
111001000110100100001110010000
111001000110100100001110010001
111001000110100100001110010100
111001000110100100001110010101
111001000110100100001110100010
111001000110100100001110100011
111001000110100100001110100110
111001000110100100001110100111
111001000110100100001110101010
111001000110100100001110101011
111001000110100100001110101110
111001000110100100001110101111
111001000110100100001110110010
111001000110100100001110110011
111001000110100100001110110110
111001000110100100001110110111
111001000110100100001110111110
111001000110100100010110
111001000110100100011110000010
111001000110100100011110000011
111001000110100100011110000110
111001000110100100011110000111
111001000110100100011110001010
111001000110100100011110001011
111001000110100100011110001110
111001000110100100011110001111
111001000110100100011110100010
111001000110100100011110100011
111001000110100100011110100110
111001000110100100011110100111
111001000110100100011110101010
111001000110100100011110101011
111001000110100100011110101110
111001000110100100011110101111
111001000110100100101110
111001000110100110001100010101
111001000110100110001100011100
111001000110100110001100110000
111001000110100110001100110001
111001000110100110001100110100
111001000110100110001100110101
111001000110100110001100111100
111001000110100110010100001000
111001000110100110010100001010
111001000110100110010100001011
111001000110100110010100001100
111001000110100110010100001101
111001000110100110010100001110
111001000110100110010100001111
111001000110100110010100011000
111001000110100110010100011001
111001000110100110010100011100
111001000110100110010100011101
111001000110100110010110011010
111001000110100110010110011011
111001000110100110010110011110
111001000110100110010110011111
111001000110100110011100001000
111001000110100110011100001001
111001000110100110011100001100
111001000110100110011100001101
111001000110100110011100010000
111001000110100110011100010001
111001000110100110011100010100
111001000110100110011100010101
111001000110100110011100011010
111001000110100110011100011011
111001000110100110011100011110
111001000110100110011100011111
111001000110100110011100100000
111001000110100110011100100001
111001000110100110011100100010
111001000110100110011100100011
111001000110100110011100100100
111001000110100110011100100101
111001000110100110011100100110
111001000110100110011100101000
111001000110100110011100101001
111001000110100110011100110010
111001000110100110011100110011
111001000110100110011100110110
111001000110100110011100110111
111001000110100110011100111010
111001000110100110011100111011
111001000110100110011100111110
111001000110100110011100111111
111001000110100110011110001000
111001000110100110011110001001
111001000110100110011110001100
111001000110100110011110001101
111001000110100110011110011000
111001000110100110011110011010
111001000110100110011110011011
111001000110100110011110011100
111001000110100110011110011101
111001000110100110011110011110
111001000110100110011110011111
111001000110100110011110100000
111001000110100110011110100001
111001000110100110011110100100
111001000110100110011110100101
111001000110100110011110101000
111001000110100110011110101001
111001000110100110011110101100
111001000110100110101100010001
111001000110100110101100010101
111001000110100110101100011000
111001000110100110101100011001
111001000110100110101100011011
111001000110100110101100011100
111001000110100110101100011101
111001000110100110101100011111
111001000110100110101100111000
111001000110100110101100111001
111001000110100110101100111011
111001000110100110101100111100
111001000110100110101100111101
111001000110100110101100111111
111001000110100110111100000000
111001000110100110111100000001
111001000110100110111100000010
111001000110100110111100000011
111001000110100110111100000100
111001000110100110111100000101
111001000110100110111100000110
111001000110100110111100000111
111001000110100110111100001000
111001000110100110111100001001
111001000110100110111100001010
111001000110100110111100001011
111001000110100110111100001100
111001000110100110111100001101
111001000110100110111100001110
111001000110100110111100001111
111001000110100110111100101000
111001000110100110111100101001
111001000110100110111100101010
111001000110100110111100101011
111001000110100110111100101100
111001000110100110111100101101
111001000110100110111100101110
111001000110100110111100101111
111001000110100110111110001000
111001000110100110111110001001
111001000110100110111110001100
111001000110100110111110001101
111001000110100110111110011000
111001000110100110111110011100
111001000110100110111110011101
111001000110101100100110
111001000110101110100100010000
111001000110101110100100010001
111001000110101110100100010010
111001000110101110100100010011
111001000110101110100100010100
111001000110101110100100010101
111001000110101110100100010111
111001000110101110100100110000
111001000110101110100100110001
111001000110101110100100110010
111001000110101110100100110011
111001000110101110100100110100
111001000110101110100100110101
111001000110101110100100110110
111001000110101110100100110111
111001000110101110100100111000
111001000110101110100100111001
111001000110101110100100111010
111001000110101110100100111011
111001000110101110100100111100
111001000110101110100100111101
111001000110101110100100111110
111001000110101110100100111111
111001000110101110110100000000
111001000110101110110100000001
111001000110101110110100000010
111001000110101110110100000011
111001000110101110110100000100
111001000110101110110100000101
111001000110101110110100000110
111001000110101110110100000111
111001000110101110110100100000
111001000110101110110100100001
111001000110101110110100100010
111001000110101110110100100011
111001000110101110110100100100
111001000110101110110100100101
111001000110101110110100100110
111001000110101110110100100111
111001000110101110110100101010
111001000110101110110100101011
111001000110101110110100101110
111001000110101110110100101111
111001000110101110110110000000
111001000110101110110110000001
111001000110101110110110000100
111001000110101110110110000101
111001000110101110110110100000
111001000110101110110110100001
111001000110101110110110100100
111001000110101110110110100101
111001100110000110001100
111001100110000110011100
111001100110001110000100010000
111001100110001110000100010001
111001100110001110000100010010
111001100110001110000100010011
111001100110001110000100010100
111001100110001110000100010101
111001100110001110000100010110
111001100110001110000100010111
111001100110001110000100011000
111001100110001110000100011001
111001100110001110000100011010
111001100110001110000100011011
111001100110001110000100011100
111001100110001110000100011101
111001100110001110000100011110
111001100110001110000100011111
111001100110001110000100100000
111001100110001110000100100001
111001100110001110000100100100
111001100110001110000100100101
111001100110001110000100101000
111001100110001110000100101001
111001100110001110000100101100
111001100110001110000100101101
111001100110001110000100110000
111001100110001110000100110001
111001100110001110000100110010
111001100110001110000100110011
111001100110001110000100110100
111001100110001110000100110101
111001100110001110000100110110
111001100110001110000100110111
111001100110001110000100111000
111001100110001110000100111001
111001100110001110000100111010
111001100110001110000100111011
111001100110001110000100111100
111001100110001110000100111101
111001100110001110000100111110
111001100110001110000100111111
111001100110001110001100
111001100110001110010100
111001100110001110010110
111001100110001110100100
111001100110001110101100
111011000100000100110100011110
111011000100000100110100111100
111011000100000100110110111000
111011000100000100110110111001
111011000100000110000110100011
111011000100000110000110100111
111011000100000110000110101010
111011000100000110000110101110
111011000100000110000110110011
111011000100000110000110110111
111011000100000110000110111001
111011000100000110000110111010
111011000100000110000110111011
111011000100000110000110111110
111011000100000110010100110111
111011000100000110010100111001
111011000100000110010100111010
111011000100000110010100111011
111011000100000110010100111100
111011000100000110010100111110
111011000100000110010110100011
111011000100000110010110100111
111011000100000110010110101000
111011000100000110010110101010
111011000100000110010110101011
111011000100000110010110101100
111011000100000110010110101110
111011000100000110010110101111
111011000100000110010110110011
111011000100000110010110110101
111011000100000110010110111000
111011000100000110010110111001
111011000100000110010110111010
111011000100000110010110111011
111011000100000110010110111100
111011000100000110010110111101
111011000100000110100100011010
111011000100000110100100101010
111011000100000110100100101110
111011000100000110100100111000
111011000100000110100100111010
111011000100000110100100111100
111011000100000110100100111110
111011000100000110100110001000
111011000100000110100110001010
111011000100000110100110001100
111011000100000110100110001110
111011000100000110100110010011
111011000100000110100110010111
111011000100000110100110011000
111011000100000110100110011010
111011000100000110100110011011
111011000100000110100110011100
111011000100000110100110011110
111011000100000110100110011111
111011000100000110100110101000
111011000100000110100110101001
111011000100000110100110101100
111011000100000110100110101101
111011000100000110100110111000
111011000100000110100110111001
111011000100000110100110111100
111011000100000110100110111101
111011000100000110101110
111011000100000110110100000011
111011000100000110110100000111
111011000100000110110100010001
111011000100000110110100010011
111011000100000110110100010111
111011000100000110110100011010
111011000100000110110100011011
111011000100000110110100011110
111011000100000110110100101010
111011000100000110110100101011
111011000100000110110100101110
111011000100000110110100101111
111011000100000110110100111000
111011000100000110110100111001
111011000100000110110100111100
111011000100000110110100111101
111011000100000110110110000001
111011000100000110110110000011
111011000100000110110110000101
111011000100000110110110000111
111011000100000110110110001000
111011000100000110110110001010
111011000100000110110110001011
111011000100000110110110001100
111011000100000110110110001110
111011000100000110110110001111
111011000100000110110110010001
111011000100000110110110010101
111011000100000110110110011000
111011000100000110110110011001
111011000100000110110110011100
111011000100000110110110011101
111011000100000110111100100010
111011000100000110111100100011
111011000100000110111100100110
111011000100000110111100100111
111011000100000110111100110000
111011000100000110111100110001
111011000100000110111100110100
111011000100000110111100110101
111011000100010100000100110000
111011000100010100000100110010
111011000100010100000100110011
111011000100010100000100110100
111011000100010100000100110110
111011000100010100000100110111
111011000100010100000100111000
111011000100010100000100111001
111011000100010100000100111010
111011000100010100000100111011
111011000100010100000100111100
111011000100010100000100111110
111011000100010100000110100001
111011000100010100000110100010
111011000100010100000110100011
111011000100010100000110100111
111011000100010100000110101000
111011000100010100000110101010
111011000100010100000110101100
111011000100010100000110101110
111011000100010100000110110000
111011000100010100000110110001
111011000100010100000110110010
111011000100010100000110110011
111011000100010100000110110100
111011000100010100000110110101
111011000100010100000110110111
111011000100010100000110111000
111011000100010100000110111001
111011000100010100000110111010
111011000100010100000110111011
111011000100010100000110111100
111011000100010100000110111101
111011000100010100000110111110
111011000100010100000110111111
111011000100010100100100000001
111011000100010100100100000011
111011000100010100100100000111
111011000100010100100100001100
111011000100010100100100001110
111011000100010100100100010000
111011000100010100100100010001
111011000100010100100100010010
111011000100010100100100010011
111011000100010100100100010101
111011000100010100100100010110
111011000100010100100100010111
111011000100010100100100011000
111011000100010100100100011001
111011000100010100100100011010
111011000100010100100100011011
111011000100010100100100011100
111011000100010100100100011110
111011000100010100100100011111
111011000100010100100100100001
111011000100010100100100100011
111011000100010100100100100101
111011000100010100100100100111
111011000100010100100100101010
111011000100010100100100101011
111011000100010100100100101100
111011000100010100100100101110
111011000100010100100110000000
111011000100010100100110000001
111011000100010100100110000010
111011000100010100100110000011
111011000100010100100110000101
111011000100010100100110000111
111011000100010100100110001010
111011000100010100100110001011
111011000100010100100110001110
111011000100010100100110010000
111011000100010100100110010001
111011000100010100100110010010
111011000100010100100110010011
111011000100010100100110010100
111011000100010100100110010101
111011000100010100100110010111
111011000100010100100110011000
111011000100010100100110011001
111011000100010100100110011010
111011000100010100100110011011
111011000100010100100110011100
111011000100010100100110011101
111011000100010100100110011110
111011000100010100100110011111
111011000100010100100110101000
111011000100010100100110101001
111011000100010100100110101100
111011000100010100100110101101
111011000100010100101100100000
111011000100010100101100100001
111011000100010100101100100010
111011000100010100101100100011
111011000100010100101100100100
111011000100010100101100100101
111011000100010100101100100110
111011000100010100101100100111
111011000100010100101110
111011000100010110000100100000
111011000100010110000100100011
111011000100010110000100100101
111011000100010110000100100111
111011000100010110000100101000
111011000100010110000100101010
111011000100010110000100101011
111011000100010110000100101100
111011000100010110000100101110
111011000100010110000100101111
111011000100010110000100110000
111011000100010110000100110001
111011000100010110000100111000
111011000100010110000100111001
111011000100010110000110
111011000100010110100100000001
111011000100010110100100000011
111011000100010110100100000101
111011000100010110100100000111
111011000100010110100100001000
111011000100010110100100001001
111011000100010110100100001010
111011000100010110100100001011
111011000100010110100100001100
111011000100010110100100001110
111011000100010110100100001111
111011000100100100001110110110
111011000100100100001110110111
111011000100100100010100011000
111011000100100100010100011001
111011000100100100010100011010
111011000100100100010100011011
111011000100100100010100011100
111011000100100100010100011101
111011000100100100010100011110
111011000100100100010100011111
111011000100100100010110001010
111011000100100100010110001011
111011000100100100010110001101
111011000100100100010110001110
111011000100100100010110001111
111011000100100100010110011000
111011000100100100010110011001
111011000100100100010110011010
111011000100100100010110011011
111011000100100100010110011100
111011000100100100010110011101
111011000100100100010110011110
111011000100100100010110011111
111011000100100100011100001011
111011000100100100011100001110
111011000100100100011100010000
111011000100100100011100010001
111011000100100100011100011000
111011000100100100011100011001
111011000100100100011100011010
111011000100100100011100011011
111011000100100100011100011100
111011000100100100011100011101
111011000100100100011100011110
111011000100100100011100011111
111011000100100100011100101010
111011000100100100011100101011
111011000100100100011100101110
111011000100100100011100101111
111011000100100100011100110000
111011000100100100011100110001
111011000100100100011100110010
111011000100100100011100110011
111011000100100100011100110100
111011000100100100011100110101
111011000100100100011100110110
111011000100100100011100110111
111011000100100100011100111001
111011000100100100011100111010
111011000100100100011100111011
111011000100100100011100111100
111011000100100100011100111101
111011000100100100011110001000
111011000100100100011110001110
111011000100100100011110001111
111011000100100100011110010010
111011000100100100011110010011
111011000100100100011110010110
111011000100100100011110010111
111011000100100100011110011000
111011000100100100011110011001
111011000100100100011110011100
111011000100100100011110011101
111011000100100100011110100000
111011000100100100011110100001
111011000100100100011110100010
111011000100100100011110100011
111011000100100100011110100100
111011000100100100011110100101
111011000100100100011110100110
111011000100100100011110100111
111011000100100100011110101000
111011000100100100011110101001
111011000100100100011110101010
111011000100100100011110101011
111011000100100100011110110000
111011000100100100011110110001
111011000100100100011110110100
111011000100100100011110110101
111011000100100100011110111000
111011000100100100011110111001
111011000100100100011110111100
111011000100100100011110111101
111011000100100100101110001111
111011000100100100101110010010
111011000100100100101110010011
111011000100100100101110010110
111011000100100100101110010111
111011000100100100101110011001
111011000100100100101110011010
111011000100100100101110011011
111011000100100100101110011101
111011000100100100101110011110
111011000100100100101110011111
111011000100100100101110111000
111011000100100100101110111001
111011000100100100101110111010
111011000100100100101110111011
111011000100100100101110111100
111011000100100100101110111101
111011000100100100111110000001
111011000100100100111110000010
111011000100100100111110000011
111011000100100100111110000101
111011000100100100111110000110
111011000100100100111110000111
111011000100100100111110001000
111011000100100100111110001001
111011000100100100111110001010
111011000100100100111110001011
111011000100100100111110001100
111011000100100100111110001101
111011000100100100111110001110
111011000100100100111110001111
111011000100100100111110101000
111011000100100100111110101001
111011000100100100111110101010
111011000100100100111110101011
111011000100100100111110101100
111011000100100100111110101101
111011000100100100111110101110
111011000100100100111110101111
111011000100100110000100
111011000100100110010100
111011000100100110101100
111011000100101110100100
111011000110000100000100
111011100100000100001110
111011100100000100011110
111011100100001100001110
111011100100001100010100
111011100100001100010110
111011100100001100100110
111011100100001100101110
111101000000000010000010
111101000010000000101000
111101000010010000000000
111101000010010010101000
111101000010100000000010
111101000010100000010010
111101000010100000101010
111101000010101000100010
111101100010000010001000
111101100010000010011000
111101100010001010001000
111101100010001010010000
111101100010001010010010
111101100010001010100000
111101100010001010101000
111111000000000010101010
111111000000010000101010
111111000000010010000010
111111000000100010000000
111111000000100010010000
111111000000100010101000
111111000000101010100000
111111000010000000000000
111111100000000000001010
111111100000000000011010
111111100000001000001010
111111100000001000010000
111111100000001000010010
111111100000001000100010
111111100000001000101010
