111001000110000100101110110110111110110110100110100110100100101110110110111100110100110100100110101
111001000110000100110110001001000101010100001000100001010001101100110001000110011000010001101111
111001000110010110000100101101100101101111100110100110110111100100101100110100111100110110100111
111001000110010110100100000111001011011000011011110000110000101010011001111100111100111111100101
111001000110010110100100001101000101001111000110000110010111000100001100010100011100010110000111
111001000110100100001110010110011110010110000110000110000100001110010110011100010100010100000110
111011000100000100110110011100111110100110011011011101010001001000110010100000100010010001000111
111011000100000100110110011100111110100110011011011101010001001000110010100000100010010011000101
111011000100000100110110011100111110100110011011011101010001001000110010100000100011010000000110
111011000100000100110110011100111110100110011011011101010001001000110010100000100011010010000100
111011000100000110010100101111100111111101110110110110110101110110111110100100111100110100110101
111011000100000110110100001111000111011101010110010110010101010110011110000100011100010100010101
111101000010000000101010110010111010110010100010100010100000101010110010111000110000110000100010101
111101000010000000101010110110110011101000101101011011100111011001011110101110100111110101000101
111101000010000000101010110110110011101000101101011011100111011001011110101110100111110101010101
111101000010010010000000101001100001101011100010100010110011100000101000110000111000110010100011
111101000010010010100000001001000001001011000010000010010011000000001000010000011000010010000011
111101000010100000001010010010011010010010000010000010000000001010010010011000010000010000000010
111111000000000000111000110000110111001100010000100010010110100110000010001111110000011011111110
111111000000000010010000101011100011111001110010110010110001110010111010100000111000110000110001
111111000000000010110000001011000011011001010010010010010001010010011010000000011000010000010001
111111000000000010111000100000000100100110100110011101111010101111010110100110001110110101101100
111111000000100000001010010110011011101101110000110001011110101000011110111000110000101110100101
