111001000110010110100100000111001011011000011011110000110000101010011001
111001000110010110100100000111001011011000011011110000110000101010011101
111001000110010110100100000111001011011000011011110000110000101010111001
111011000100000100110110101011011111011001010000110100000010001110011001
111011000100000100110110101011011111011001010000110100000010001110011011
111011000100000100110110101011011111011001010000110100000010001110011101
111011000100000100110110101011011111011001010000110100000010001110011111
111011000100000100110110101011011111011001010000110100000010001110111001
111011000100000100110110101011011111011001010000110100000010001110111011
111011000100000100110110101011011111011001010000110100000010001110111101
111011000100000100110110101011011111011001010000110100000010011110001011
111011000100000100110110101011011111011001010000110100000010011110001101
111011000100000100110110101011011111011001010000110100000010011110001111
111011000100000100110110101011011111011001010000110100001010000101110110
111011000100000100110110101011011111011001010000110100001010000110110001
111011000100000100110110101011011111011001010000110100001010000110110101
111011000100000100110110101011011111011001010000110100001010000111110100
111011000100000100110110101011011111011001010000110100001010100100000011
111011000100000100110110101011011111011001010000110100001010100100000111
111011000100000100110110101011011111011001010000110100001010100100100011
111011000100000100110110101011011111011001010000110100001010100100100111
111011000100000100110110101011011111011001010000110100001010100100101011
111011000100000100110110101011011111011001010000110100001010100100101111
111011000100000100110110101011011111011001010000110100001010100101000110
111011000100000100110110101011011111011001010000110100001010100101010110
111011000100000100110110101011011111011001010000110100001010100101100110
111011000100000100110110101011011111011001010000110100001010100101101010
111011000100000100110110101011011111011001010000110100001010100101101100
111011000100000100110110101011011111011001010000110100001010100101101110
111011000100000100110110101011011111011001010000110100001010100110000001
111011000100000100110110101011011111011001010000110100001010100110000101
111011000100000100110110101011011111011001010000110100001010100110010001
111011000100000100110110101011011111011001010000110100001010100110010101
111011000100000100110110101011011111011001010000110100001010100110100001
111011000100000100110110101011011111011001010000110100001010100110100101
111011000100000100110110101011011111011001010000110100001010100111000100
111011000100000100110110101011011111011001010000110100001010100111010100
111011000100000100110110101011011111011001010000110100001110000001110010
111011000100000100110110101011011111011001010000110100001110000011110000
111011000100000100110110101011011111011001010000110100001110100001000010
111011000100000100110110101011011111011001010000110100001110100001010010
111011000100000100110110101011011111011001010000110100001110100001100000
111011000100000100110110101011011111011001010000110100001110100001100010
111011000100000100110110101011011111011001010000110100001110100001101000
111011000100000100110110101011011111011001010000110100001110100001101001
111011000100000100110110101011011111011001010000110100001110100001101010
111011000100000100110110101011011111011001010000110100001110100001101101
111011000100000100110110101011011111011001010000110100101010000101001100
111011000100000100110110101011011111011001010000110100101010000101001110
111011000100000100110110101011011111011001010000110100101100000011001011
111011000100000100110110101011011111011001010000110100101100000011001111
111011000100000100110110101011011111011001010000110100101100000011101111
111011000100000100110110101011011111011001010000110100101110000001001000
111011000100000100110110101011011111011001010000110100101110000001001001
111011000100000100110110101011011111011001010000110100101110000001001101
