111001000110010110100100000111001011011000011011110000110000101010
111001000110010110100100000111001011011000011011110000110000111010
111011000100000100110110101011011111011001010000110100000010001110
111011000100000100110110101011011111011001010000110100000010001111
111011000100000100110110101011011111011001010000110100000010011110
111011000100000100110110101011011111011001010000110100001010000101
111011000100000100110110101011011111011001010000110100001010000110
111011000100000100110110101011011111011001010000110100001010000111
111011000100000100110110101011011111011001010000110100001010100100
111011000100000100110110101011011111011001010000110100001010100101
111011000100000100110110101011011111011001010000110100001010100110
111011000100000100110110101011011111011001010000110100001010100111
111011000100000100110110101011011111011001010000110100001110000001
111011000100000100110110101011011111011001010000110100001110000011
111011000100000100110110101011011111011001010000110100001110100001
111011000100000100110110101011011111011001010000110100101010000101
111011000100000100110110101011011111011001010000110100101100000011
111011000100000100110110101011011111011001010000110100101110000001
