111001000100000110
111001000110000100
111001000110000110
111001000110010100
111001000110010110
111001000110100100
111001000110100110
111001000110101100
111001000110101110
111001100110000110
111001100110001110
111001100110100110
111001100110101110
111001101110100110
111011000100000100
111011000100000110
111011000100010100
111011000100010110
111011000100100100
111011000100100110
111011000100101100
111011000100101110
111011000110000100
111011100100000100
111011100100001100
111011100100100100
111011100100101100
111011101100100100
111101000000000010
111101000010000000
111101000010000010
111101000010010000
111101000010010010
111101000010100000
111101000010100010
111101000010101000
111101000010101010
111101100010000010
111101100010001010
111101100010100010
111101100010101010
111101101010100010
111111000000000000
111111000000000010
111111000000010000
111111000000010010
111111000000100000
111111000000100010
111111000000101000
111111000000101010
111111000010000000
111111100000000000
111111100000001000
111111100000100000
111111100000101000
111111101000100000

111001000110000100000100
111001000110000100010100
111001000110000100010110
111001000110000100100100
111001000110000100100110
111001000110000100101110
111001000110000100110100
111001000110000100110110
111001000110000100111110
111001000110000110010100
111001000110000110101100
111001000110000110110100
111001000110000110110110
111001000110000110111100
111001000110000110111110
111001000110010100000110
111001000110010100100110
111001000110010110000100
111001000110010110000110
111001000110010110100100
111001000110010110100110
111001000110010110101110
111001000110100100001110
111001000110100100011110
111001000110100110001100
111001000110100110010100
111001000110100110010110
111001000110100110011100
111001000110100110011110
111001000110100110101100
111001000110100110111100
111001000110100110111110
111001000110101110100100
111001000110101110110100
111001000110101110110110
111001100110001110000100
111011000100000100010110
111011000100000100101110
111011000100000100110100
111011000100000100110110
111011000100000100111100
111011000100000100111110
111011000100000110000110
111011000100000110010100
111011000100000110010110
111011000100000110100100
111011000100000110100110
111011000100000110101100
111011000100000110110100
111011000100000110110110
111011000100000110111100
111011000100010100000100
111011000100010100000110
111011000100010100100100
111011000100010100100110
111011000100010100101100
111011000100010110000100
111011000100010110100100
111011000100100100001110
111011000100100100010100
111011000100100100010110
111011000100100100011100
111011000100100100011110
111011000100100100101110
111011000100100100111100
111011000100100100111110
111011000100100110001100
111011000100100110011100
111011000100101100100110
111011000100101100110100
111011000100101100110110
111011100100001100000110
111101000010000000000000
111101000010000000010000
111101000010000000010010
111101000010000000100000
111101000010000000100010
111101000010000000101010
111101000010000000110000
111101000010000000110010
111101000010000000111010
111101000010000010010000
111101000010000010101000
111101000010000010110000
111101000010000010110010
111101000010000010111000
111101000010000010111010
111101000010010000000010
111101000010010000100010
111101000010010010000000
111101000010010010000010
111101000010010010100000
111101000010010010100010
111101000010010010101010
111101000010100000001010
111101000010100000011010
111101000010100010001000
111101000010100010010000
111101000010100010010010
111101000010100010011000
111101000010100010011010
111101000010100010101000
111101000010100010111000
111101000010100010111010
111101000010101010100000
111101000010101010110000
111101000010101010110010
111101100010001010000000
111111000000000000010010
111111000000000000101010
111111000000000000110000
111111000000000000110010
111111000000000000111000
111111000000000000111010
111111000000000010000010
111111000000000010010000
111111000000000010010010
111111000000000010100000
111111000000000010100010
111111000000000010101000
111111000000000010110000
111111000000000010110010
111111000000000010111000
111111000000010000000000
111111000000010000000010
111111000000010000100000
111111000000010000100010
111111000000010000101000
111111000000010010000000
111111000000010010100000
111111000000100000001010
111111000000100000010000
111111000000100000010010
111111000000100000011000
111111000000100000011010
111111000000100000101010
111111000000100000111000
111111000000100000111010
111111000000100010001000
111111000000100010011000
111111000000101000100010
111111000000101000110000
111111000000101000110010
111111100000001000000010
111001000110000100000100101000
111001000110000100000100101001
111001000110000100000100101101
111001000110000100000100101111
111001000110000100000100111011
111001000110000100000100111101
111001000110000100000100111111
111001000110000100010100100011
111001000110000100010100100111
111001000110000100010100101010
111001000110000100010100101011
111001000110000100010100101111
111001000110000100010110100001
111001000110000100010110101000
111001000110000100010110101001
111001000110000100010110101101
111001000110000100010110110001
111001000110000100010110111000
111001000110000100010110111101
111001000110000100010110111111
111001000110000100100100001001
111001000110000100100100001010
111001000110000100100100001011
111001000110000100100100001101
111001000110000100100100001110
111001000110000100100100001111
111001000110000100100100011011
111001000110000100100100011110
111001000110000100100100011111
111001000110000100100110001000
111001000110000100100110001001
111001000110000100100110001100
111001000110000100100110001101
111001000110000100100110011000
111001000110000100100110011001
111001000110000100100110011100
111001000110000100100110011101
111001000110000100100110101001
111001000110000100100110101101
111001000110000100100110111000
111001000110000100100110111001
111001000110000100100110111010
111001000110000100100110111011
111001000110000100100110111100
111001000110000100100110111101
111001000110000100100110111110
111001000110000100100110111111
111001000110000100101110100000
111001000110000100101110100001
111001000110000100101110100010
111001000110000100101110100011
111001000110000100101110100100
111001000110000100101110100101
111001000110000100101110100110
111001000110000100101110100111
111001000110000100101110110000
111001000110000100101110110001
111001000110000100101110110010
111001000110000100101110110011
111001000110000100101110110100
111001000110000100101110110101
111001000110000100101110110110
111001000110000100101110110111
111001000110000100110100000011
111001000110000100110100000111
111001000110000100110100001010
111001000110000100110100001011
111001000110000100110100001111
111001000110000100110110000001
111001000110000100110110000011
111001000110000100110110001000
111001000110000100110110001001
111001000110000100110110001010
111001000110000100110110001011
111001000110000100110110001100
111001000110000100110110001101
111001000110000100110110001110
111001000110000100110110001111
111001000110000100110110011101
111001000110000100110110011110
111001000110000100110110011111
1110010001100001001101101
111001000110000100111110100010
111001000110000100111110100011
111001000110000100111110100110
111001000110000100111110100111
111001000110000110101100110000
111001000110000110110100001000
111001000110000110110100001001
111001000110000110110100001101
111001000110000110110100011000
111001000110000110110100011001
111001000110000110110100011100
111001000110000110110100011101
111001000110000110110100011110
111001000110000110110100011111
111001000110000110110100101000
111001000110000110110100101001
111001000110000110110100101101
111001000110000110110100111001
11100100011000011011010011101
1110010001100001101101001111
111001000110000110110110011001
111001000110000110110110011100
111001000110000110110110011101
111001000110000110110110011111
111001000110000110110110111000
111001000110000110110110111001
111001000110000110110110111010
111001000110000110110110111011
111001000110000110110110111100
111001000110000110110110111101
111001000110000110110110111110
111001000110000110110110111111
111001000110000110111100100000
111001000110000110111100100001
111001000110000110111100100010
111001000110000110111100100011
111001000110000110111100100100
111001000110000110111100100101
111001000110000110111100100110
111001000110000110111100100111
111001000110000110111100110000
111001000110000110111100110001
111001000110000110111100110010
111001000110000110111100110011
111001000110000110111100110100
111001000110000110111100110101
111001000110000110111100110110
111001000110000110111100110111
111001000110000110111110110000
111001000110000110111110110001
111001000110000110111110110010
111001000110000110111110110011
111001000110000110111110110100
111001000110000110111110110101
111001000110000110111110110110
111001000110000110111110110111
111001000110010100000110100011
111001000110010100000110101111
111001000110010100100110001111
111001000110010110000100100011
111001000110010110000100100100
111001000110010110000100100101
111001000110010110000100100111
111001000110010110000100101101
111001000110010110000100101111
111001000110010110000110100011
111001000110010110000110100101
111001000110010110000110100111
111001000110010110000110101010
111001000110010110000110101100
111001000110010110000110101101
111001000110010110000110101111
111001000110010110000110110011
111001000110010110000110110101
111001000110010110000110110111
111001000110010110000110111011
111001000110010110000110111101
111001000110010110000110111111
111001000110010110100100000011
111001000110010110100100000100
111001000110010110100100000101
111001000110010110100100000111
111001000110010110100100001101
111001000110010110100100001111
111001000110010110100110000001
111001000110010110100110000011
111001000110010110100110000101
111001000110010110100110000111
111001000110010110100110001000
111001000110010110100110001001
111001000110010110100110001010
111001000110010110100110001011
111001000110010110100110001100
111001000110010110100110001101
111001000110010110100110001110
111001000110010110100110001111
11100100011001011010011001
1110010001100101101001101
111001000110100100001110000010
111001000110100100001110000011
111001000110100100001110000111
111001000110100100001110010010
111001000110100100001110010011
111001000110100100001110010110
111001000110100100001110010111
111001000110100100001110011010
111001000110100100001110011011
111001000110100100001110011110
111001000110100100001110011111
111001000110100110001100010000
111001000110100110001100010001
111001000110100110001100010100
111001000110100110001100011000
111001000110100110001100011001
111001000110100110001100011101
111001000110100110001100111000
111001000110100110001100111001
111001000110100110001100111101
111001000110100110010100001001
111001000110100110010100011010
111001000110100110010100011011
111001000110100110010100011110
111001000110100110010100011111
111001000110100110010110011000
111001000110100110010110011001
111001000110100110010110011100
111001000110100110010110011101
111001000110100110011100000000
111001000110100110011100000001
111001000110100110011100000010
111001000110100110011100000011
111001000110100110011100000100
111001000110100110011100000101
111001000110100110011100000110
111001000110100110011100000111
111001000110100110011100001010
111001000110100110011100001011
111001000110100110011100001110
111001000110100110011100001111
111001000110100110011100010010
111001000110100110011100010011
111001000110100110011100010110
111001000110100110011100010111
111001000110100110011100100111
111001000110100110011100101010
111001000110100110011100101011
1110010001101001100111001011
111001000110100110011110000000
111001000110100110011110000001
111001000110100110011110000100
111001000110100110011110000101
111001000110100110011110010000
111001000110100110011110010001
111001000110100110011110010010
111001000110100110011110010011
111001000110100110011110010100
111001000110100110011110010101
111001000110100110011110010110
111001000110100110011110010111
111001000110100110011110011001
111001000110100110011110101101
11100100011010011001111010111
11100100011010011001111011
111001000110100110101100011010
111001000110101110100100010110
111011000100000100101110110110
111011000100000100110100011011
111011000100000100110100011111
111011000100000100110100111000
111011000100000100110100111001
111011000100000100110100111010
111011000100000100110100111011
111011000100000100110100111101
111011000100000100110100111110
111011000100000100110100111111
111011000100000100110110001010
111011000100000100110110001011
111011000100000100110110001101
111011000100000100110110001110
111011000100000100110110001111
111011000100000100110110011000
111011000100000100110110011001
111011000100000100110110011010
111011000100000100110110011011
111011000100000100110110011100
111011000100000100110110011101
111011000100000100110110011110
111011000100000100110110011111
111011000100000100110110101010
111011000100000100110110101011
111011000100000100110110101110
111011000100000100110110101111
111011000100000100110110111010
111011000100000100110110111011
111011000100000100110110111100
111011000100000100110110111101
11101100010000010011011011111
111011000100000100111100110000
111011000100000100111100110001
111011000100000100111100110010
111011000100000100111100110011
111011000100000100111100110100
111011000100000100111100110101
111011000100000100111100110110
111011000100000100111100110111
111011000100000100111110100000
111011000100000100111110100010
111011000100000100111110100011
111011000100000100111110100100
111011000100000100111110100101
111011000100000100111110100110
111011000100000100111110100111
111011000100000100111110110000
111011000100000100111110110001
111011000100000100111110110010
111011000100000100111110110011
111011000100000100111110110100
111011000100000100111110110101
111011000100000100111110110110
111011000100000100111110110111
111011000100000110000110101011
111011000100000110000110101101
111011000100000110000110101111
111011000100000110000110111101
111011000100000110000110111111
111011000100000110010100100011
111011000100000110010100100111
111011000100000110010100101011
111011000100000110010100101111
111011000100000110010100110011
111011000100000110010100111101
111011000100000110010100111111
111011000100000110010110100001
111011000100000110010110100101
111011000100000110010110101001
111011000100000110010110101101
111011000100000110010110110001
111011000100000110100100001011
111011000100000110100100001111
111011000100000110100100011011
111011000100000110100100011101
111011000100000110100100011110
111011000100000110100100011111
111011000100000110100100101011
111011000100000110100100101111
111011000100000110100100111001
111011000100000110100100111011
111011000100000110100100111101
111011000100000110100100111111
111011000100000110100110001001
111011000100000110100110001011
111011000100000110100110001101
111011000100000110100110001111
111011000100000110100110011001
111011000100000110100110011101
111011000100000110101100100000
111011000100000110101100100001
111011000100000110101100100010
111011000100000110101100100011
111011000100000110101100100100
111011000100000110101100100101
111011000100000110101100100110
111011000100000110101100100111
111011000100000110101100110000
111011000100000110101100110001
111011000100000110101100110010
111011000100000110101100110011
111011000100000110101100110100
111011000100000110101100110101
111011000100000110101100110110
111011000100000110101100110111
111011000100000110110100001000
111011000100000110110100001001
111011000100000110110100001010
111011000100000110110100001011
111011000100000110110100001100
111011000100000110110100001101
111011000100000110110100001110
111011000100000110110100001111
111011000100000110110100011000
111011000100000110110100011001
111011000100000110110100011100
111011000100000110110100011101
111011000100000110110100011111
111011000100000110110100101000
111011000100000110110100101001
111011000100000110110100101100
111011000100000110110100101101
111011000100000110110110001001
111011000100000110110110001101
111011000100000110111100100000
111011000100000110111100100001
111011000100000110111100100100
111011000100000110111100100101
111011000100010100000100100111
111011000100010100000100101000
111011000100010100000100101101
111011000100010100000100101111
111011000100010100000100110001
111011000100010100000100110101
111011000100010100000100111101
111011000100010100000100111111
111011000100010100000110100101
111011000100010100000110101001
111011000100010100000110101011
111011000100010100000110101101
111011000100010100000110101111
111011000100010100100100000101
111011000100010100100100001000
111011000100010100100100001001
111011000100010100100100001010
111011000100010100100100001011
111011000100010100100100001101
111011000100010100100100001111
111011000100010100100100011101
111011000100010100100100101000
111011000100010100100100101001
111011000100010100100100101101
111011000100010100100100101111
111011000100010100100110001000
111011000100010100100110001001
111011000100010100100110001100
111011000100010100100110001101
111011000100010100100110001111
111011000100010110000100100001
111011000100010110000100101001
111011000100010110000100101101
111011000100010110100100001101
111011000100100100001110010010
111011000100100100001110010011
111011000100100100001110010110
111011000100100100001110010111
111011000100100100001110011010
111011000100100100001110011011
111011000100100100001110011110
111011000100100100001110011111
111011000100100100001110110010
111011000100100100001110110011
111011000100100100001110111000
111011000100100100001110111010
111011000100100100001110111011
1110110001001001000011101111
111011000100100100011100000011
111011000100100100011100000111
111011000100100100011100010010
111011000100100100011100010011
111011000100100100011100010100
111011000100100100011100010101
111011000100100100011100010110
111011000100100100011100010111
111011000100100100011100111000
111011000100100100011100111110
111011000100100100011100111111
111011000100100100011110000000
111011000100100100011110000001
111011000100100100011110000010
111011000100100100011110000011
111011000100100100011110000100
111011000100100100011110000101
111011000100100100011110000110
111011000100100100011110000111
111011000100100100011110001001
111011000100100100011110001010
111011000100100100011110001011
111011000100100100011110001100
111011000100100100011110001101
111011000100100100011110010000
111011000100100100011110010001
111011000100100100011110010100
111011000100100100011110010101
111011000100100100011110101100
111011000100100100011110101101
11101100010010010001111010111
111011000100100100101110011000
111011000100100100101110111110
111011000100100100101110111111
111011000100100110001100000000
111011000100100110001100000001
111011000100100110001100000100
111011000100100110001100000101
111011000100100110001100001000
111011000100100110001100001100
111011000100100110001100010000
111011000100100110001100010001
111011000100100110001100010100
111011000100100110001100010101
111011000100100110001100110000
111011000100100110001100110001
1110110001001001100011001101
111011000100100110001100111
111011000100100110011100000001
111011000100100110011100000100
111101000010000000000000101000
111101000010000000000000101001
111101000010000000000000101011
111101000010000000000000101100
111101000010000000000000111001
111101000010000000000000111011
111101000010000000010000100011
111101000010000000010000100111
111101000010000000010000101011
111101000010000000010000101110
111101000010000000010010100001
111101000010000000010010100101
111101000010000000010010101001
111101000010000000010010101100
111101000010000000010010101101
111101000010000000010010110001
111101000010000000010010110011
111101000010000000010010110101
111101000010000000010010111001
111101000010000000010010111011
111101000010000000010010111101
111101000010000000100000001000
111101000010000000100000001001
111101000010000000100000001010
111101000010000000100000001011
111101000010000000100000001110
111101000010000000100000001111
111101000010000000100000011011
111101000010000000100000011111
111101000010000000100010001000
111101000010000000100010001001
111101000010000000100010001100
111101000010000000100010001101
111101000010000000100010011000
111101000010000000100010011001
111101000010000000100010011011
111101000010000000100010011100
111101000010000000100010011101
111101000010000000100010101000
111101000010000000100010101001
111101000010000000100010101100
111101000010000000100010101101
111101000010000000100010111000
111101000010000000100010111001
111101000010000000100010111010
111101000010000000100010111011
111101000010000000100010111100
111101000010000000100010111101
111101000010000000100010111110
111101000010000000100010111111
111101000010000000101010100000
111101000010000000101010100001
111101000010000000101010100010
111101000010000000101010100011
111101000010000000101010100100
111101000010000000101010100101
111101000010000000101010100110
111101000010000000101010100111
111101000010000000101010110000
111101000010000000101010110001
111101000010000000101010110010
111101000010000000101010110011
111101000010000000101010110100
111101000010000000101010110101
111101000010000000101010110110
111101000010000000101010110111
111101000010000000110000000011
111101000010000000110000000111
111101000010000000110000001011
111101000010000000110000001111
111101000010000000110010000001
111101000010000000110010000101
111101000010000000110010001000
111101000010000000110010001001
111101000010000000110010001010
111101000010000000110010001011
111101000010000000110010001100
111101000010000000110010001101
111101000010000000110010001110
111101000010000000110010001111
111101000010000000110010010001
111101000010000000110010010011
111101000010000000110010010101
111101000010000000110010011001
111101000010000000110010011011
111101000010000000110010011101
111101000010000000110010011111
111101000010000000110010101000
111101000010000000110010101001
111101000010000000110010101010
111101000010000000110010101011
111101000010000000110010101100
111101000010000000110010101101
111101000010000000110010101110
111101000010000000110010101111
111101000010000000111010100010
111101000010000000111010100011
111101000010000000111010100110
111101000010000000111010100111
111101000010000010010000110001
111101000010000010010000111001
111101000010000010110000001000
111101000010000010110000001001
111101000010000010110000001101
111101000010000010110000010001
111101000010000010110000011000
111101000010000010110000011001
111101000010000010110000011010
111101000010000010110000011011
111101000010000010110000011101
111101000010000010110000101000
111101000010000010110000101001
111101000010000010110000101100
111101000010000010110000101101
111101000010000010110000111000
111101000010000010110000111001
111101000010000010110000111010
111101000010000010110000111011
1111010000100000101100001111
111101000010000010110010011000
111101000010000010110010011001
111101000010000010110010011011
111101000010000010110010111000
111101000010000010110010111001
111101000010000010110010111010
111101000010000010110010111011
111101000010000010110010111101
111101000010000010110010111110
111101000010000010110010111111
111101000010000010111000100000
111101000010000010111000100001
111101000010000010111000100010
111101000010000010111000100011
111101000010000010111000100100
111101000010000010111000100101
111101000010000010111000100110
111101000010000010111000100111
111101000010000010111000110000
111101000010000010111000110001
111101000010000010111000110010
111101000010000010111000110011
111101000010000010111000110100
111101000010000010111000110101
111101000010000010111000110110
111101000010000010111000110111
111101000010000010111010110000
111101000010000010111010110001
111101000010000010111010110010
111101000010000010111010110011
111101000010000010111010110100
111101000010000010111010110101
111101000010000010111010110110
111101000010000010111010110111
111101000010010000000010100011
111101000010010000000010101011
111101000010010000100010000011
111101000010010000100010001011
111101000010010010000000100000
111101000010010010000000100001
111101000010010010000000100011
111101000010010010000000101001
111101000010010010000000101011
111101000010010010000010101001
111101000010010010000010101011
111101000010010010000010101110
111101000010010010000010110011
111101000010010010000010110111
111101000010010010000010111001
111101000010010010000010111011
111101000010010010100000000000
111101000010010010100000000011
111101000010010010100000001001
111101000010010010100000001011
111101000010010010100010000011
111101000010010010100010001001
111101000010010010100010001011
111101000010010010100010001101
111101000010010010100010001111
111101000010010010100010011011
111101000010010010100010101001
111101000010010010100010101011
111101000010010010100010101110
111101000010010010100010101111
111101000010100000001010000010
111101000010100000001010000011
111101000010100000001010000110
111101000010100000001010000111
111101000010100000001010001010
111101000010100000001010010010
111101000010100000001010010011
111101000010100000001010010110
111101000010100000001010010111
111101000010100000001010011010
111101000010100000001010011011
111101000010100000011010000010
111101000010100000011010000110
111101000010100010001000010000
111101000010100010001000010001
111101000010100010001000010100
111101000010100010001000010101
111101000010100010001000011000
111101000010100010001000011001
111101000010100010001000011100
111101000010100010001000011101
111101000010100010001000110001
111101000010100010001000111001
111101000010100010001000111101
11110100001010001000100011111
111101000010100010010000011010
111101000010100010010000011011
111101000010100010010010011000
111101000010100010010010011001
111101000010100010010010011100
111101000010100010010010011101
111101000010100010011000000000
111101000010100010011000000001
111101000010100010011000000010
111101000010100010011000000011
111101000010100010011000000100
111101000010100010011000000101
111101000010100010011000000110
111101000010100010011000000111
111101000010100010011000001010
111101000010100010011000001011
111101000010100010011000001110
111101000010100010011000001111
111101000010100010011000010010
111101000010100010011000010011
111101000010100010011000010110
111101000010100010011000010111
111101000010100010011000100011
111101000010100010011000101001
11110100001010001001100010101
1111010000101000100110001011
111101000010100010011010000000
111101000010100010011010000001
111101000010100010011010000100
111101000010100010011010000101
111101000010100010011010001000
111101000010100010011010010000
111101000010100010011010010001
111101000010100010011010010010
111101000010100010011010010011
111101000010100010011010010100
111101000010100010011010010101
111101000010100010011010010110
111101000010100010011010010111
111101000010100010011010101101
11110100001010001001101010111
11110100001010001001101011
111101000010100010101000011000
111101000010100010101000011001
111101000010100010101000011011
111101000010101010100000010000
111101000010101010100000010010
111101000010101010110000000010
111111000000000000101010110010
111111000000000000110000011010
111111000000000000110000011011
111111000000000000110000011110
111111000000000000110000011111
111111000000000000110000111000
111111000000000000110000111001
111111000000000000110000111010
111111000000000000110000111011
111111000000000000110000111101
111111000000000000110000111110
111111000000000000110000111111
111111000000000000110010001011
111111000000000000110010001110
111111000000000000110010001111
111111000000000000110010011000
111111000000000000110010011001
111111000000000000110010011010
111111000000000000110010011011
111111000000000000110010011100
111111000000000000110010011101
111111000000000000110010011110
111111000000000000110010101011
111111000000000000110010101110
111111000000000000110010111000
111111000000000000110010111001
111111000000000000110010111011
111111000000000000110010111100
111111000000000000110010111101
111111000000000000110010111110
111111000000000000111000110000
111111000000000000111000110001
111111000000000000111000110010
111111000000000000111000110011
111111000000000000111000110100
111111000000000000111000110101
111111000000000000111000110110
111111000000000000111000110111
111111000000000000111010100000
111111000000000000111010100001
111111000000000000111010100010
111111000000000000111010100011
111111000000000000111010100100
111111000000000000111010100101
111111000000000000111010100110
111111000000000000111010100111
111111000000000000111010110000
111111000000000000111010110001
111111000000000000111010110010
111111000000000000111010110011
111111000000000000111010110100
111111000000000000111010110101
111111000000000010000010101001
111111000000000010000010101011
111111000000000010000010111001
111111000000000010000010111011
111111000000000010000010111101
111111000000000010000010111111
111111000000000010010000100011
111111000000000010010000101011
111111000000000010010000101111
111111000000000010010000111001
111111000000000010010000111011
111111000000000010010010100101
111111000000000010010010101001
111111000000000010010010101101
111111000000000010100000001011
111111000000000010100000001111
111111000000000010100000011010
111111000000000010100000011011
111111000000000010100000011110
111111000000000010100000011111
111111000000000010100000101011
111111000000000010100000101111
111111000000000010100000111000
111111000000000010100000111001
111111000000000010100000111010
111111000000000010100000111011
111111000000000010100000111100
111111000000000010100000111101
111111000000000010100000111110
111111000000000010100000111111
111111000000000010100010001001
111111000000000010100010001011
111111000000000010100010001101
111111000000000010100010011001
111111000000000010100010011101
111111000000000010101000100000
111111000000000010101000100001
111111000000000010101000100010
111111000000000010101000100011
111111000000000010101000100100
111111000000000010101000100101
111111000000000010101000100110
111111000000000010101000100111
111111000000000010101000110000
111111000000000010101000110001
111111000000000010101000110010
111111000000000010101000110011
111111000000000010101000110100
111111000000000010101000110101
111111000000000010101000110110
111111000000000010101000110111
111111000000000010110000000011
111111000000000010110000001000
111111000000000010110000001001
111111000000000010110000001010
111111000000000010110000001011
111111000000000010110000001100
111111000000000010110000001101
111111000000000010110000001110
111111000000000010110000001111
111111000000000010110000011001
111111000000000010110000011011
111111000000000010110000011100
111111000000000010110000101000
111111000000000010110000101001
111111000000000010110000101010
111111000000000010110000101100
111111000000000010110000101101
111111000000000010110000101110
111111000000000010110010001001
111111000000000010110010001101
111111000000000010111000100000
111111000000000010111000100001
111111000000000010111000100100
111111000000000010111000100101
111111000000010000000000101001
111111000000010000000000101010
111111000000010000000000101011
111111000000010000000000110001
111111000000010000000000111001
111111000000010000000000111011
111111000000010000000010100001
111111000000010000000010101001
111111000000010000000010101011
111111000000010000100000001001
111111000000010000100000001010
111111000000010000100000001011
111111000000010000100000001101
111111000000010000100000001110
111111000000010000100000011001
111111000000010000100000101000
111111000000010000100000101001
11111100000001000010000010101
1111110000000100001000001011
111111000000010000100010000001
111111000000010000100010001000
111111000000010000100010001001
111111000000010000100010001010
111111000000010000100010001011
111111000000010000100010001100
111111000000010010000000101001
111111000000010010100000001001
111111000000100000001010010010
111111000000100000001010010011
111111000000100000001010010110
111111000000100000001010010111
111111000000100000001010011010
111111000000100000001010011011
111111000000100000001010111010
111111000000100000001010111011
1111110000001000000010101111
111111000000100000011000000011
111111000000100000011000000111
111111000000100000011000001011
111111000000100000011000001111
111111000000100000011000010000
111111000000100000011000010001
111111000000100000011000010010
111111000000100000011000010011
111111000000100000011000010110
111111000000100000011000010111
111111000000100000011000011010
111111000000100000011000101011
1111110000001000000110001011
11111100000010000001100011
111111000000100000011010000000
111111000000100000011010000001
111111000000100000011010000010
111111000000100000011010000011
111111000000100000011010000100
111111000000100000011010000101
111111000000100000011010000110
111111000000100000011010000111
111111000000100000011010001000
111111000000100000011010001001
111111000000100000011010001011
111111000000100000011010001100
111111000000100000011010001101
111111000000100000011010010000
111111000000100000011010010001
111111000000100000011010010100
111111000000100000011010010101
111111000000100000011010100001
111111000000100000011010100101
111111000000100000011010101000
111111000000100000011010101001
111111000000100000011010101100
111111000000100000011010101101
111111000000100000101010111001
11111100000010000010101011101
1111110000001000001010101111
111111000000100000111010001000
111111000000100010001000000000
111111000000100010001000000001
111111000000100010001000000100
111111000000100010001000000101
111111000000100010001000001000
111111000000100010001000010000
111111000000100010001000010001
111111000000100010001000010100
111111000000100010001000010101
111111000000100010001000011000
111111000000100010001000011001
111111000000100010011000000000
111111000000100010011000000001
111111000000100010011000000100
111111000000100010011000000101
111111000000101000100010010000
111111000000101000100010010010
111001000110000100000100101101110111
111001000110000100010110111111110111
111001000110000100100110001101111001
111001000110000100100110011101111010
111001000110000100100110011101111011
1110010001100001001001100111011111
111001000110000100100110101101011001
111001000110000100100110101101011011
111001000110000100101110100001010111
111001000110000100101110100101010011
111001000110000100101110110001000110
111001000110000100101110110001000111
111001000110000100101110110010000100
111001000110000100101110110011000100
111001000110000100101110110011100101
111001000110000100101110110101000011
111001000110000100101110110110110111
111001000110000100101110110110111
111001000110000100101110110111000000
111001000110000100101110110111110011
1110010001100001001011101101111101
111001000110000100101110110111111
111001000110000100110110001101010111
111001000110000100110110001101011
1110010001100001001101100011011
111001000110000100110110011111010110
111001000110000100110110011111010111
1110010001100001001101101010010
1110010001100001001101101010100
1110010001100001001101101010110
1110010001100001001101101011000
1110010001100001001101101011110
111001000110000110110100011101010100
1110010001100001101101001111101011
11100100011000011011010011111011
111001000110000110110100111111
111001000110000110110110111101011101
11100100011000011011011011110101111
1110010001100001101101101111011
111001000110000110110110111111011010
111001000110000110110110111111011011
111001000110000110110110111111011100
111001000110000110111100100101110010
111001000110000110111100100101110011
1110010001100001101111001001011101
111001000110000110111100100101111
111001000110000110111100110110100111
111001000110000110111100110110101
11100100011000011011110011011011
111001000110000110111100110111000110
111001000110000110111100110111000111
111001000110000110111100110111100100
111001000110000110111100110111100101
11100100011000011011110011011110011
111001000110000110111100110111101
11100100011000011011110011011111
111001000110000110111110110100110110
111001000110000110111110110100110111
111001000110000110111110110100111
111001000110000110111110110101000101
111001000110000110111110110101010100
111001000110000110111110110101010101
111001000110000110111110110101110000
111001000110000110111110110101110001
11100100011000011011111011010111001
1110010001100001101111101101011101
111001000110000110111110110101111
111001000110000110111110110111010010
111001000110000110111110110111010011
111001000110000110111110110111010100
111001000110000110111110110111010101
111001000110000110111110110111010110
111001000110000110111110110111010111
111001000110010100000110101111100110
111001000110010100100110001111000110
111001000110010110000110101111110101
111001000110010110100100001111101110
111001000110010110100100001111101111
111001000110010110100110001101101000
111001000110010110100110001101101001
11100100011001011010011000110110101
1110010001100101101001100011011011
11100100011001011010011000110111
111001000110010110100110001111100010
111001000110010110100110001111100011
1110010001100101101001100011111001
111001000110010110100110001111101
11100100011001011010011000111111
1110010001100101101001101010000
1110010001100101101001101010010
1110010001100101101001101010100
1110010001100101101001101011000
1110010001100101101001101011010
1110010001100101101001101011100
1110010001100101101001101011110
111001000110100110011100000101011010
111001000110100110011100000101011011
1110010001101001100111000001010111
1110010001101001100111000001011
111001000110100110011100000111111010
111001000110100110011100000111111011
1110010001101001100111000001111111
1110010001101001100111001011111001
111001000110100110011100101111101
11100100011010011001110010111111
111001000110100110011110010100101110
111001000110100110011110010100101111
111011000100000100110110011111111011
1110110001000001001101100111111111
111011000100000100111100110101010000
111011000100000100111100110111110100
111011000100000100111100110111110101
11101100010000010011110011011111011
111011000100000100111100110111111
111011000100000100111110100111110011
1110110001000001001111101001111101
111011000100000100111110100111111
111011000100000110000110101011100100
111011000100000110000110101111100000
111011000100000110000110111101100111
111011000100000110000110111101110010
111011000100000110000110111101110111
111011000100000110010100111101110101
111011000100000110010110101101100000
111011000100000110010110101101100001
111011000100000110010110101101100010
111011000100000110010110101101100011
111011000100000110010110101101100100
111011000100000110010110101101100101
111011000100000110010110101101100110
111011000100000110010110101101100111
111011000100000110100100001111111011
111011000100000110100100001111111111
111011000100000110100100011111010111
111011000100000110100100011111011111
111011000100000110100100011111101011
111011000100000110100100011111101111
111011000100000110100100101111011001
111011000100000110100100101111011011
111011000100000110100100101111011101
111011000100000110100100101111011111
111011000100000110100100111001011111
111011000100000110100100111101011011
111011000100000110100100111111011001
111011000100000110100110011101000101
111011000100000110101100100011010101
111011000100000110101100110011000101
111011000100000110101100110011010101
111011000100000110101100110101000011
111011000100000110101100110101000111
111011000100000110101100110101010011
111011000100000110101100110111000001
111011000100000110101100110111000101
111011000100000110101100110111010001
111011000100000110101100110111010101
111011000100000110110100001111000111
111011000100010100000100101101110111
111011000100010100100100001111101000
111011000100010100100100001111101001
11101100010001010010010000111110101
1110110001000101001001000011111011
11101100010001010010010000111111
111011000100010100100110001101100100
111011000100010100100110001101100101
11101100010001010010011000110110011
111011000100010100100110001101101
1110110001001001000011101111111110
1110110001001001000011101111111111
111011000100100100011110000111101000
111011000100100100011110000111101001
11101100010010010001111000011110101
1110110001001001000111100001111011
11101100010010010001111000011111
111101000010000000000000101001110011
111101000010000000100000011011010011
111101000010000000100010011001111101
11110100001000000010001001100111111
111101000010000000100010101001011001
111101000010000000100010111001001001
111101000010000000101010100001010001
111101000010000000101010100001010011
111101000010000000101010100101010011
111101000010000000101010110001000010
111101000010000000101010110001000011
111101000010000000101010110001000110
111101000010000000101010110001000111
111101000010000000101010110001010010
111101000010000000101010110001010011
111101000010000000101010110001010110
111101000010000000101010110001010111
111101000010000000101010110001100010
111101000010000000101010110001100011
111101000010000000101010110010110110
111101000010000000101010110010110111
111101000010000000101010110010111
111101000010000000101010110011000000
111101000010000000101010110011000001
111101000010000000101010110011000101
111101000010000000101010110011010001
111101000010000000101010110011110001
11110100001000000010101011001111001
1111010000100000001010101100111101
111101000010000000101010110011111
111101000010000000101010110101000010
111101000010000000101010110101000011
111101000010000000101010110101010010
111101000010000000101010110101010011
111101000010000000101010110101100010
111101000010000000101010110110000000
111101000010000000101010110111000000
111101000010000000101010110111100000
111101000010000000110010001001010111
111101000010000000110010001001011
1111010000100000001100100010011
111101000010000000110010001011111001
111101000010000000110010001011111111
111101000010000000110010011011000011
111101000010000000110010011011101111
11110100001000000011001001101111
111101000010000010110000011001001001
111101000010000010110000011001101100
111101000010000010110000011001101101
11110100001000001011000001100110111
11110100001000001011000001100111
111101000010000010110000111011101001
11110100001000001011000011101110101
1111010000100000101100001110111011
11110100001000001011000011101111
111101000010000010111000100001110011
1111010000100000101110001000011101
111101000010000010111000100001111
111101000010000010111000110010100111
111101000010000010111000110010101
11110100001000001011100011001011
111101000010000010111000110011100110
111101000010000010111000110011100111
111101000010000010111000110011101
11110100001000001011100011001111
111101000010000010111010110001110001
11110100001000001011101011000111001
1111010000100000101110101100011101
111101000010000010111010110001111
111101000010000010111010110011010000
111101000010000010111010110011010001
111101000010000010111010110011010011
111101000010000010111010110011110000
111101000010000010111010110110010010
111101000010000010111010110110110000
111101000010010010000000101011110011
111101000010010010000010101001110001
111101000010010010000010101001110011
111101000010010010000010101011110001
111101000010010010000010111011100001
111101000010010010100010001011010001
111101000010100010011000000010111100
111101000010100010011000000010111101
11110100001010001001100000001011111
111101000010100010011000010011000110
11110100001010001001100010101110110
11110100001010001001100010101110111
11110100001010001001100010101111
111101000010100010011010010000101111
111111000000000000110000011011111001
111111000000000010000010111001100011
111111000000000010010000111011100001
111111000000000010010000111011100011
111111000000000010010010101001100001
111111000000000010100000001011111011
111111000000000010100000001011111111
111111000000000010100000011011101011
111111000000000010100000011011101111
111111000000000010100000011111101011
111111000000000010100000101011011001
111111000000000010100000101011011011
111111000000000010100000101011011101
111111000000000010100000101011011111
111111000000000010100000101111011001
111111000000000010100000101111011011
111111000000000010100000111011011001
111111000000000010100010011001000001
111111000000000010100010011001000011
111111000000000010100010011001001001
111111000000000010100010011001010001
111111000000000010101000100111000001
111111000000000010101000100111010001
111111000000000010101000100111010011
111111000000000010110000001011000011
111111000000000010110010001001000001
111111000000010000000000111001100011
111111000000010000100000001001101101
11111100000001000010000000100110111
11111100000001000010000000100111
111111000000010000100000001011101111
11111100000001000010000000101111
111111000000100010001000010001000011
1110010001100001001101101011110111110
1110010001100001001101101011110111111
1110010001100001101111001001011101111011
11100100011000011011110010010111011111
111001000110010110100110001111101111101
11100100011001011010011000111110111111
1111010000100000001100100010011111100
111101000010000000110010001001111111
