111001000110010110100100000111001011011000011011110000
111011000100000100110110101011011111010000011001011111
111011000100000100110110101011011111011000010001010111
111011000100000100110110101011011111011001010000010100
111011000100000100110110101011011111011001010000010110
111011000100000100110110101011011111011001010000100100
111011000100000100110110101011011111011001010000110100
111011000100000100110110101011011111011001110000000100
111011000100000100110110101011011111011001110000001100
111011000100000110010100101111100111111101110110110110
111011000100000110110100001111000111011101010110010110010100
111011000100000110110100001111000111011101010110010110010101
