111001000110010110100100000111001011011000011011
111011000100000100110110011110111000000010101111
111011000100000100110110101011011101011011110010
111011000100000100110110101011011111010000011001
111011000100000100110110101011011111010001011000
111011000100000100110110101011011111011000010001
111011000100000100110110101011011111011001010000
111011000100000100110110101011011111011001110000
111011000100000110010100101111100111111101110110
111011000100000110110100001111000111011101010110010110
111111000000000010010000101011110011110101100010
111111000000000010010000101011110011110101100110
111111000000000010010000101011110011110101110110

