111001000110000110111110110111010010010101100000
111001000110000110111110110111010010010101100001
111001000110000110111110110111010010110101000000
111001000110010110100110001011101110101100
111001000110010110100110001101000110111011
111001000110010110100110001101000111111010
111001000110010110100110001101001110110011
111001000110010110100110001101001111110010
111001000110010110100110001101010010011111
111001000110010110100110001101010010101111
111001000110010110100110001101010110101011
111001000110010110100110001101010111101010
111001000110010110100110001111000000111101
111001000110010110100110001111000100111001
111001000110010110100110001111000101111000
111001000110010110100110001111001000110011
111001000110010110100110001111001000110101
111001000110010110100110001111001000110111
111001000110010110100110001111001100110001
111001000110010110100110001111001101110000
111001000110010110100110001111010000001000
111001000110010110100110001111010000001001
111001000110010110100110001111010000001101
111001000110010110100110001111010000011001
111001000110010110100110001111010000011101
111001000110010110100110001111010000101000
111001000110010110100110001111010000101001
111001000110010110100110001111010000101010
111001000110010110100110001111010000101011
111001000110010110100110001111010000101101
111001000110010110100110001111010100101001
111001000110010110100110001111011000100001
111001000110010110100110001111011000100011
111001000110010110100110001111011000100101
111001000110010110100110001111011000100111
111001000110010110100110001111011100100001
111001000110010110100110001111101000000111111
111001000110010110100110001111101000010011001
111001000110010110100110001111101000010011010
111001000110010110100110001111101000010011011
111001000110010110100110001111101000010011101
111001000110010110100110001111101000010101000
111001000110010110100110001111101000010101001
111001000110010110100110001111101000010101010
111001000110010110100110001111101000010101011
111001000110010110100110001111101000010101101
111001000110010110100110001111101000010111000
111001000110010110100110001111101000010111001
111001000110010110100110001111101000010111010
111001000110010110100110001111101000010111011
111001000110010110100110001111101000010111101
111001000110010110100110001111101000100011011
111001000110010110100110001111101000100111011
111001000110010110100110001111101000101011010
111001000110010110100110001111101000101011100
111001000110010110100110001111101000101011110
111001000110010110100110001111101000101111010
111001000110010110100110001111101000101111100
111001000110010110100110001111101000101111101
111001000110010110100110001111101000101111110
111001000110010110100110001111101000110011001
111001000110010110100110001111101000110111001
111001000110010110100110001111101010100001011
111001000110010110100110001111101010101000010
111001000110010110100110001111101010101000100
111001000110010110100110001111101010101000110
111001000110010110100110001111101010101001010
111001000110010110100110001111101010101001100
111001000110010110100110001111101010101001101
111001000110010110100110001111101010101001110
111001000110010110100110001111101010101101100
111001000110010110100110001111101010101101101
111001000110010110100110001111101100010001000
111001000110010110100110001111101100010001001
111001000110010110100110001111101100010001010
111001000110010110100110001111101101000000111
111001000110010110100110001111101101100000011
111001000110010110100110001111101101101000010
1110010001100101101001101010100011110011110
1110010001100101101001101010110011100
1110010001100101101001101011110010000011110
1110010001100101101001101011110010100010010
1110010001100101101001101011110010100011010
