(33): 10 9 6 11 8 7 2 5 4 1 0 3
(33): 11 6 3 2 9 7 1 5 10 4 8 0
(33): 11 6 9 10 8 7 1 5 4 2 3 0
(34): 10 12 8 13 9 11 7 6 2 4 0 5 1 3
(34): 10 9 12 11 7 13 8 4 6 1 0 3 2 5
(34): 11 5 7 12 9 1 10 2 13 4 6 0 3 8
(34): 11 6 13 7 10 8 1 3 5 12 4 0 9 2
(34): 12 10 8 11 9 13 7 6 2 4 1 3 0 5
(34): 13 7 10 11 12 9 8 1 6 5 2 3 4 0
(34): 4 12 6 8 0 10 2 13 3 11 5 9 1 7
(34): 4 13 11 8 0 7 10 5 3 12 6 2 9 1
(34): 4 13 7 8 0 11 10 2 3 12 6 5 9 1
(34): 6 12 13 8 7 10 0 4 3 11 5 9 1 2
(34): 6 13 11 9 10 7 0 5 12 3 4 2 8 1
(34): 8 13 11 7 12 9 10 3 0 5 6 2 4 1
(35): 6 10 4 12 2 14 0 11 13 15 1 7 3 8 5 9
(4): 2 4 0 6 1 7 3 5
(4): 5 3 7 1 6 0 4 2
(4): 7 3 5 1 6 2 4 0
(5): 6 3 8 1 5 4 0 9 2 7
(5): 6 7 4 9 2 8 0 1 5 3
(5): 9 3 6 1 8 7 2 5 4 0
(5): 9 5 4 7 2 1 8 3 6 0
(6): 10 11 5 7 8 2 9 3 4 6 0 1
(6): 10 4 6 7 1 9 2 3 11 5 0 8
(6): 11 5 4 8 2 1 10 9 3 7 6 0
(6): 3 10 9 0 6 7 4 5 11 2 1 8
(6): 3 11 6 0 8 9 2 10 4 5 7 1
(6): 3 11 6 0 9 8 2 10 5 4 7 1
(6): 7 3 9 1 11 6 5 0 10 2 8 4
(6): 7 4 9 10 1 6 5 0 11 2 3 8
(6): 7 8 4 10 2 6 5 0 1 11 3 9
(6): 8 6 10 11 9 7 1 5 0 4 2 3
